url,foil_id,title,agency_request_summary,status,ass_agency,due_date
https://a860-openrecords.nyc.gov/request/view/FOIL-2022-826-01335,FOIL-2022-826-01335,"Watermain Break: 80 Madison Ave New York, NY 10016_03/05/2022",,Open,Department of Environmental Protection (DEP),2022-08-02 21:00:00+00:00
